...Wave Drag Slice...
Inlet Area: 0.000000
Exit Area: 0.000000

Theta:   0.00, Start: -20.45, End:  21.74
         0.00000000,          0.00000000
         0.05263158,          0.00000000
         0.10526316,          0.00000000
         0.15789474,          0.00000000
         0.21052632,          0.00000000
         0.26315789,          0.00000000
         0.31578947,          0.00000000
         0.36842105,          0.00000000
         0.42105263,          0.00000000
         0.47368421,          0.00000000
         0.52631579,          0.00000000
         0.57894737,          0.00000000
         0.63157895,          0.00000000
         0.68421053,          0.00000000
         0.73684211,          0.00000000
         0.78947368,          0.00000000
         0.84210526,          0.00000000
         0.89473684,          0.00000000
         0.94736842,          0.00000000
         1.00000000,          0.00000000

Theta:  20.00, Start: -20.22, End:  21.96
         0.00000000,          0.00000000
         0.05263158,          0.00000000
         0.10526316,          0.00000000
         0.15789474,          0.00000000
         0.21052632,          0.00000000
         0.26315789,          0.00000000
         0.31578947,          0.00000000
         0.36842105,          0.00000000
         0.42105263,          0.00000000
         0.47368421,          0.00000000
         0.52631579,          0.00000000
         0.57894737,          0.00000000
         0.63157895,          0.00000000
         0.68421053,          0.00000000
         0.73684211,          0.00000000
         0.78947368,          0.00000000
         0.84210526,          0.00000000
         0.89473684,          0.00000000
         0.94736842,          0.00000000
         1.00000000,          0.00000000

Theta:  40.00, Start: -25.39, End:  25.12
         0.00000000,          0.00000000
         0.05263158,          0.00000000
         0.10526316,          0.00000000
         0.15789474,          0.00000000
         0.21052632,          0.00000000
         0.26315789,          0.00000000
         0.31578947,          0.00000000
         0.36842105,          0.00000000
         0.42105263,          0.00000000
         0.47368421,          0.00000000
         0.52631579,          0.00000000
         0.57894737,          0.00000000
         0.63157895,          0.00000000
         0.68421053,          0.00000000
         0.73684211,          0.00000000
         0.78947368,          0.00000000
         0.84210526,          0.00000000
         0.89473684,          0.00000000
         0.94736842,          0.00000000
         1.00000000,          0.00000000

Theta:  60.00, Start: -31.56, End:  27.58
         0.00000000,          0.00000000
         0.05263158,          0.00000000
         0.10526316,          0.00000000
         0.15789474,          0.00000000
         0.21052632,          0.00000000
         0.26315789,          0.00000000
         0.31578947,          0.00000000
         0.36842105,          0.00000000
         0.42105263,          0.00000000
         0.47368421,          0.00000000
         0.52631579,          0.00000000
         0.57894737,          0.00000000
         0.63157895,          0.00000000
         0.68421053,          0.00000000
         0.73684211,          0.00000000
         0.78947368,          0.00000000
         0.84210526,          0.00000000
         0.89473684,          0.00000000
         0.94736842,          0.00000000
         1.00000000,          0.00000000

Theta:  80.00, Start: -34.70, End:  29.04
         0.00000000,          0.00000000
         0.05263158,          0.00000000
         0.10526316,          0.00000000
         0.15789474,          0.00000000
         0.21052632,          0.00000000
         0.26315789,          0.00000000
         0.31578947,          0.00000000
         0.36842105,          0.00000000
         0.42105263,          0.00000000
         0.47368421,          0.00000000
         0.52631579,          0.00000000
         0.57894737,          0.00000000
         0.63157895,          0.00000000
         0.68421053,          0.00000000
         0.73684211,          0.00000000
         0.78947368,          0.00000000
         0.84210526,          0.00000000
         0.89473684,          0.00000000
         0.94736842,          0.00000000
         1.00000000,          0.00000000

Theta: 100.00, Start: -34.42, End:  29.32
         0.00000000,          0.00000000
         0.05263158,          0.00000000
         0.10526316,          0.00000000
         0.15789474,          0.00000000
         0.21052632,          0.00000000
         0.26315789,          0.00000000
         0.31578947,          0.00000000
         0.36842105,          0.00000000
         0.42105263,          0.00000000
         0.47368421,          0.00000000
         0.52631579,          0.00000000
         0.57894737,          0.00000000
         0.63157895,          0.00000000
         0.68421053,          0.00000000
         0.73684211,          0.00000000
         0.78947368,          0.00000000
         0.84210526,          0.00000000
         0.89473684,          0.00000000
         0.94736842,          0.00000000
         1.00000000,          0.00000000

Theta: 120.00, Start: -30.76, End:  28.38
         0.00000000,          0.00000000
         0.05263158,          0.00000000
         0.10526316,          0.00000000
         0.15789474,          0.00000000
         0.21052632,          0.00000000
         0.26315789,          0.00000000
         0.31578947,          0.00000000
         0.36842105,          0.00000000
         0.42105263,          0.00000000
         0.47368421,          0.00000000
         0.52631579,          0.00000000
         0.57894737,          0.00000000
         0.63157895,          0.00000000
         0.68421053,          0.00000000
         0.73684211,          0.00000000
         0.78947368,          0.00000000
         0.84210526,          0.00000000
         0.89473684,          0.00000000
         0.94736842,          0.00000000
         1.00000000,          0.00000000

Theta: 140.00, Start: -24.17, End:  26.35
         0.00000000,          0.00000000
         0.05263158,          0.00000000
         0.10526316,          0.00000000
         0.15789474,          0.00000000
         0.21052632,          0.00000000
         0.26315789,          0.00000000
         0.31578947,          0.00000000
         0.36842105,          0.00000000
         0.42105263,          0.00000000
         0.47368421,          0.00000000
         0.52631579,          0.00000000
         0.57894737,          0.00000000
         0.63157895,          0.00000000
         0.68421053,          0.00000000
         0.73684211,          0.00000000
         0.78947368,          0.00000000
         0.84210526,          0.00000000
         0.89473684,          0.00000000
         0.94736842,          0.00000000
         1.00000000,          0.00000000

Theta: 160.00, Start: -17.32, End:  23.46
         0.00000000,          0.00000000
         0.05263158,          0.00000000
         0.10526316,          0.00000000
         0.15789474,          0.00000000
         0.21052632,          0.00000000
         0.26315789,          0.00000000
         0.31578947,          0.00000000
         0.36842105,          0.00000000
         0.42105263,          0.00000000
         0.47368421,          0.00000000
         0.52631579,          0.00000000
         0.57894737,          0.00000000
         0.63157895,          0.00000000
         0.68421053,          0.00000000
         0.73684211,          0.00000000
         0.78947368,          0.00000000
         0.84210526,          0.00000000
         0.89473684,          0.00000000
         0.94736842,          0.00000000
         1.00000000,          0.00000000

Theta: 180.00, Start: -17.36, End:  20.09
         0.00000000,          0.00000000
         0.05263158,          0.00000000
         0.10526316,          0.00000000
         0.15789474,          0.00000000
         0.21052632,          0.00000000
         0.26315789,          0.00000000
         0.31578947,          0.00000000
         0.36842105,          0.00000000
         0.42105263,          0.00000000
         0.47368421,          0.00000000
         0.52631579,          0.00000000
         0.57894737,          0.00000000
         0.63157895,          0.00000000
         0.68421053,          0.00000000
         0.73684211,          0.00000000
         0.78947368,          0.00000000
         0.84210526,          0.00000000
         0.89473684,          0.00000000
         0.94736842,          0.00000000
         1.00000000,          0.00000000

CDWave:          0.00000000 
Mach:          1.50000000 
Set Name: Shown 
